0 0.571094 0.672656 0.067187 0.070312
7 0.203906 0.672656 0.079687 0.079687
2 0.326562 0.667969 0.075000 0.067187
2 0.712500 0.660937 0.071875 0.068750
8 0.828125 0.657031 0.071875 0.073438
4 0.938281 0.657813 0.067187 0.068750
5 0.312500 0.767969 0.087500 0.073438
10 0.447656 0.778125 0.070312 0.078125
5 0.571875 0.914844 0.087500 0.073438
10 0.952344 0.921875 0.070312 0.078125
8 0.443750 0.916406 0.071875 0.073438
4 0.821094 0.785937 0.067187 0.068750
0 0.586719 0.783594 0.067187 0.070312
1 0.696875 0.783594 0.078125 0.079687
3 0.954688 0.785156 0.078125 0.073438
3 0.698438 0.907031 0.071875 0.070312
11 0.187500 0.815625 0.078125 0.068750
12 0.050000 0.917969 0.078125 0.079687
12 0.823438 0.922656 0.078125 0.079687
6 0.317969 0.919531 0.082812 0.089063
1 0.189062 0.913281 0.078125 0.079687
