0 0.571094 0.672656 0.067187 0.070312
7 0.203906 0.672656 0.079687 0.079687
2 0.434375 0.544531 0.075000 0.067187
5 0.445312 0.782813 0.084375 0.068750
10 0.442188 0.660937 0.071875 0.078125
5 0.560937 0.780469 0.087500 0.073438
10 0.949219 0.784375 0.070312 0.078125
8 0.443750 0.916406 0.071875 0.073438
4 0.817969 0.640625 0.076563 0.078125
0 0.583594 0.522656 0.067187 0.070312
1 0.693750 0.650781 0.078125 0.079687
3 0.950000 0.644531 0.078125 0.073438
3 0.673438 0.769531 0.071875 0.070312
11 0.187500 0.815625 0.078125 0.068750
12 0.050000 0.917969 0.078125 0.079687
12 0.790625 0.778125 0.075000 0.068750
6 0.317969 0.919531 0.082812 0.089063
1 0.189062 0.913281 0.078125 0.079687
2 0.690625 0.507031 0.075000 0.067187
8 0.818750 0.521094 0.071875 0.073438
4 0.928906 0.526563 0.076563 0.078125
