0 0.571094 0.672656 0.067187 0.070312
7 0.451562 0.542969 0.075000 0.073438
2 0.304688 0.392969 0.075000 0.067187
5 0.445312 0.782813 0.084375 0.068750
10 0.181250 0.650000 0.071875 0.078125
5 0.560937 0.780469 0.087500 0.073438
10 0.949219 0.784375 0.070312 0.078125
8 0.436719 0.658594 0.073438 0.073438
4 0.817969 0.640625 0.076563 0.078125
0 0.583594 0.522656 0.067187 0.070312
1 0.693750 0.650781 0.078125 0.079687
3 0.950000 0.644531 0.078125 0.073438
3 0.673438 0.769531 0.071875 0.070312
11 0.325000 0.656250 0.078125 0.068750
12 0.185938 0.545312 0.068750 0.071875
12 0.790625 0.778125 0.075000 0.068750
6 0.437500 0.409375 0.081250 0.075000
1 0.302344 0.768750 0.070312 0.068750
2 0.690625 0.507031 0.075000 0.067187
8 0.818750 0.521094 0.071875 0.073438
4 0.928906 0.526563 0.076563 0.078125
